0 0.42578125 0.7705078125 0.4482421875 0.76171875 0.466796875 0.7333984375 0.462890625 0.6904296875 0.4462890625 0.671875 0.4326171875 0.666015625 0.3857421875 0.666015625 0.357421875 0.6923828125 0.357421875 0.7314453125 0.3876953125 0.765625
0 0.359375 0.6630859375 0.384765625 0.6455078125 0.392578125 0.6240234375 0.392578125 0.5908203125 0.3759765625 0.5625 0.3671875 0.5634765625 0.369140625 0.5830078125 0.359375 0.6123046875 0.3291015625 0.642578125 0.310546875 0.6494140625 0.3291015625 0.662109375
0 0.314453125 0.6416015625 0.3291015625 0.638671875 0.361328125 0.6083984375 0.369140625 0.5771484375 0.36328125 0.5576171875 0.3447265625 0.53515625 0.3251953125 0.525390625 0.3017578125 0.525390625 0.2802734375 0.533203125 0.26171875 0.5498046875 0.251953125 0.5888671875 0.2578125 0.6083984375 0.2783203125 0.6328125 0.2919921875 0.640625
0 0.25 0.5751953125 0.259765625 0.5517578125 0.2763671875 0.53515625 0.2998046875 0.525390625 0.3203125 0.5244140625 0.318359375 0.5126953125 0.2998046875 0.4921875 0.2587890625 0.48828125 0.23046875 0.5126953125 0.23046875 0.5615234375
0 0.18359375 0.6044921875 0.2021484375 0.599609375 0.224609375 0.5771484375 0.23046875 0.5537109375 0.228515625 0.5205078125 0.1943359375 0.490234375 0.1533203125 0.48828125 0.130859375 0.5009765625 0.11328125 0.5302734375 0.115234375 0.5771484375 0.1240234375 0.58984375 0.1416015625 0.599609375
0 0.263671875 0.6904296875 0.2841796875 0.68359375 0.306640625 0.6572265625 0.306640625 0.6494140625 0.265625 0.6220703125 0.2509765625 0.583984375 0.2373046875 0.583984375 0.2138671875 0.59375 0.1953125 0.6142578125 0.197265625 0.6611328125 0.2392578125 0.689453125
0 0.19921875 0.8095703125 0.234375 0.7802734375 0.23828125 0.7451171875 0.23046875 0.7275390625 0.2099609375 0.708984375 0.1767578125 0.69921875 0.1494140625 0.708984375 0.138671875 0.7197265625 0.12890625 0.7666015625 0.1650390625 0.80859375
0 0.142578125 0.7099609375 0.177734375 0.6943359375 0.19140625 0.6650390625 0.19140625 0.6357421875 0.1708984375 0.607421875 0.1123046875 0.599609375 0.0859375 0.6240234375 0.08203125 0.6728515625 0.087890625 0.6865234375 0.1064453125 0.703125 0.1259765625 0.7109375
0 0.076171875 0.8037109375 0.0966796875 0.796875 0.125 0.7705078125 0.12890625 0.7431640625 0.1103515625 0.70703125 0.0869140625 0.697265625 0.0615234375 0.697265625 0.029296875 0.7119140625 0.017578125 0.7294921875 0.015625 0.7568359375 0.0419921875 0.80078125
0 0.03125 0.7080078125 0.0634765625 0.6953125 0.080078125 0.6748046875 0.08203125 0.6337890625 0.0615234375 0.607421875 0.0126953125 0.599609375 0 0.6064453125 0 0.7001953125 0.0087890625 0.70703125
0 0.072265625 0.6083984375 0.103515625 0.5869140625 0.107421875 0.5361328125 0.0869140625 0.498046875 0.0673828125 0.490234375 0.0439453125 0.490234375 0.015625 0.5068359375 0.00390625 0.5361328125 0.001953125 0.5634765625 0.0205078125 0.59765625
0 0.001953125 0.8623046875 0.0185546875 0.853515625 0.033203125 0.8330078125 0.037109375 0.8037109375 0.02734375 0.7783203125 0.0048828125 0.759765625 0 0.7607421875