0 0.234375 0.0146484375 0.263671875 0.0009765625 0.193359375 0.0009765625 0.2138671875 0.013671875
0 0.39453125 0.0302734375 0.4150390625 0.0234375 0.4296875 0.0009765625 0.3359375 0.0009765625 0.3505859375 0.0234375 0.3720703125 0.03125
0 0.47265625 0.1142578125 0.48046875 0.0634765625 0.4580078125 0.037109375 0.4091796875 0.025390625 0.3896484375 0.033203125 0.375 0.0478515625 0.365234375 0.0673828125 0.365234375 0.0888671875 0.3759765625 0.109375 0.4189453125 0.09375 0.4345703125 0.09375
0 0.54296875 0.1572265625 0.5693359375 0.146484375 0.580078125 0.1357421875 0.587890625 0.0830078125 0.5751953125 0.064453125 0.5400390625 0.048828125 0.4873046875 0.068359375 0.48046875 0.0791015625 0.478515625 0.1025390625 0.4931640625 0.142578125 0.5166015625 0.154296875
0 0.423828125 0.2001953125 0.4521484375 0.1875 0.4765625 0.1474609375 0.46875 0.1142578125 0.4384765625 0.09375 0.3837890625 0.107421875 0.37109375 0.1279296875 0.373046875 0.1416015625 0.404296875 0.1689453125 0.416015625 0.1982421875
0 0.486328125 0.2529296875 0.4990234375 0.25 0.52734375 0.2216796875 0.52734375 0.1767578125 0.5068359375 0.150390625 0.4794921875 0.142578125 0.458984375 0.1826171875 0.4248046875 0.201171875 0.419921875 0.2119140625 0.4384765625 0.244140625 0.4580078125 0.25390625
0 0.392578125 0.3193359375 0.4228515625 0.30859375 0.43359375 0.2978515625 0.44140625 0.2685546875 0.4375 0.2490234375 0.423828125 0.2294921875 0.4052734375 0.216796875 0.3544921875 0.21875 0.33203125 0.2490234375 0.33203125 0.2900390625 0.3544921875 0.318359375
0 0.353515625 0.2197265625 0.4033203125 0.216796875 0.416015625 0.2001953125 0.408203125 0.1748046875 0.373046875 0.1416015625 0.3701171875 0.125 0.3447265625 0.1328125 0.32421875 0.1591796875 0.32421875 0.1923828125
0 0.5 0.3564453125 0.533203125 0.3388671875 0.54296875 0.3017578125 0.533203125 0.2763671875 0.5185546875 0.263671875 0.4931640625 0.25390625 0.4736328125 0.255859375 0.4560546875 0.263671875 0.439453125 0.2822265625 0.43359375 0.3115234375 0.4560546875 0.349609375 0.4716796875 0.357421875
0 0.591796875 0.2470703125 0.6083984375 0.240234375 0.625 0.2236328125 0.634765625 0.2041015625 0.634765625 0.1865234375 0.6240234375 0.1640625 0.5849609375 0.14453125 0.5458984375 0.16015625 0.529296875 0.1767578125 0.529296875 0.2197265625 0.5595703125 0.244140625
0 0.63671875 0.1630859375 0.6611328125 0.158203125 0.67578125 0.1455078125 0.6875 0.1103515625 0.677734375 0.0693359375 0.6708984375 0.0625 0.6318359375 0.052734375 0.6083984375 0.0625 0.591796875 0.0791015625 0.58984375 0.1279296875 0.5986328125 0.14453125 0.6259765625 0.1640625
0 0.607421875 0.0615234375 0.6328125 0.0458984375 0.640625 0.0205078125 0.6357421875 0 0.53515625 0.0009765625 0.5390625 0.0322265625 0.5498046875 0.048828125 0.5751953125 0.0625
0 0.49609375 0.0126953125 0.53125 0.0009765625 0.458984375 0.0009765625 0.4833984375 0.013671875
0 0.6796875 0.0244140625 0.7001953125 0 0.638671875 0.0009765625 0.6455078125 0.017578125
0 0.748046875 0.1162109375 0.7666015625 0.111328125 0.794921875 0.0830078125 0.802734375 0.0615234375 0.798828125 0.0283203125 0.7685546875 0 0.7041015625 0 0.685546875 0.0185546875 0.677734375 0.0458984375 0.685546875 0.0908203125 0.7060546875 0.111328125
0 0.810546875 0.1806640625 0.8505859375 0.1640625 0.857421875 0.1513671875 0.85546875 0.1083984375 0.849609375 0.0947265625 0.8212890625 0.080078125 0.7998046875 0.08203125 0.765625 0.1201171875 0.7890625 0.1748046875
0 0.724609375 0.2314453125 0.7587890625 0.216796875 0.783203125 0.1787109375 0.78125 0.1611328125 0.765625 0.1337890625 0.7275390625 0.119140625 0.7060546875 0.123046875 0.6845703125 0.13671875 0.66796875 0.1650390625 0.669921875 0.1962890625 0.677734375 0.2138671875 0.6982421875 0.228515625
0 0.85546875 0.2509765625 0.8916015625 0.2421875 0.90234375 0.2177734375 0.90234375 0.2001953125 0.892578125 0.1826171875 0.8642578125 0.1640625 0.8388671875 0.169921875 0.80859375 0.1884765625 0.80859375 0.2099609375 0.818359375 0.2333984375 0.8349609375 0.248046875
0 0.884765625 0.3642578125 0.8994140625 0.361328125 0.9296875 0.3408203125 0.93359375 0.2900390625 0.9072265625 0.259765625 0.8720703125 0.25390625 0.8525390625 0.259765625 0.828125 0.2861328125 0.826171875 0.3271484375 0.8525390625 0.357421875 0.8701171875 0.365234375
0 0.94921875 0.2880859375 0.974609375 0.2744140625 0.9609375 0.2509765625 0.97265625 0.1962890625 0.9619140625 0.185546875 0.9345703125 0.185546875 0.90625 0.2041015625 0.896484375 0.2451171875 0.9365234375 0.287109375
0 1 0.3896484375 1 0.2861328125 0.9716796875 0.28125 0.939453125 0.3095703125 0.93359375 0.3427734375 0.94140625 0.3603515625 0.9638671875 0.3828125 0.9794921875 0.390625
0 0.92578125 0.1865234375 0.96875 0.1611328125 0.98046875 0.1201171875 0.974609375 0.0947265625 0.9580078125 0.0703125 0.9345703125 0.060546875 0.9052734375 0.060546875 0.87109375 0.0791015625 0.857421875 0.1083984375 0.857421875 0.1298828125 0.8671875 0.1591796875 0.8798828125 0.171875 0.8994140625 0.18359375
0 0.966796875 0.0595703125 0.9853515625 0.052734375 1 0.0380859375 0.9990234375 0 0.900390625 0.0009765625 0.90234375 0.0263671875 0.9169921875 0.048828125 0.9404296875 0.060546875
0 0.8671875 0.0751953125 0.8837890625 0.06640625 0.900390625 0.0419921875 0.896484375 0.0029296875 0.8056640625 0 0.798828125 0.0244140625 0.8125 0.0615234375 0.8447265625 0.076171875