0 0.072265625 0.1494140625 0.1123046875 0.138671875 0.130859375 0.1083984375 0.125 0.0654296875 0.0927734375 0.041015625 0.0439453125 0.044921875 0.0234375 0.0634765625 0.015625 0.0830078125 0.0234375 0.1240234375 0.0556640625 0.1484375
0 0.1640625 0.0830078125 0.1962890625 0.076171875 0.212890625 0.0537109375 0.216796875 0.0205078125 0.2041015625 0 0.1298828125 0 0.123046875 0.0087890625 0.1171875 0.0458984375 0.125 0.0634765625 0.1416015625 0.080078125
0 0.07421875 0.0400390625 0.1005859375 0.03125 0.119140625 0.0009765625 0.015625 0.0009765625 0.017578125 0.0185546875 0.0322265625 0.03125 0.0498046875 0.0390625
0 0.2109375 0.1982421875 0.25 0.1630859375 0.25390625 0.1259765625 0.2216796875 0.08984375 0.1689453125 0.0859375 0.142578125 0.1064453125 0.134765625 0.1259765625 0.134765625 0.1533203125 0.1591796875 0.19140625 0.1845703125 0.19921875
0 0.2890625 0.1181640625 0.3203125 0.0849609375 0.31640625 0.0556640625 0.296875 0.0302734375 0.2841796875 0.0234375 0.2529296875 0.021484375 0.2373046875 0.02734375 0.216796875 0.0517578125 0.220703125 0.0849609375 0.2548828125 0.119140625
0 0.265625 0.0205078125 0.2841796875 0.013671875 0.296875 0.0009765625 0.208984375 0.0009765625 0.2373046875 0.021484375
0 0.1015625 0.2685546875 0.1201171875 0.263671875 0.14453125 0.2412109375 0.154296875 0.1904296875 0.1337890625 0.158203125 0.1044921875 0.1484375 0.0771484375 0.150390625 0.0615234375 0.15625 0.0390625 0.1767578125 0.03515625 0.2236328125 0.0390625 0.2392578125 0.0517578125 0.25390625 0.0771484375 0.267578125
0 0.28125 0.2724609375 0.2978515625 0.267578125 0.318359375 0.2451171875 0.3203125 0.2158203125 0.2919921875 0.171875 0.2744140625 0.166015625 0.2470703125 0.16796875 0.212890625 0.2001953125 0.216796875 0.2412109375 0.2275390625 0.255859375 0.2470703125 0.267578125
0 0.00390625 0.1845703125 0.01953125 0.1689453125 0.02734375 0.1396484375 0.017578125 0.1142578125 0.0009765625 0.09765625
0 0.361328125 0.2119140625 0.4033203125 0.201171875 0.423828125 0.1787109375 0.4296875 0.1533203125 0.427734375 0.1240234375 0.416015625 0.1025390625 0.3779296875 0.078125 0.3466796875 0.078125 0.3193359375 0.08984375 0.294921875 0.1201171875 0.294921875 0.1669921875 0.3125 0.1962890625 0.3232421875 0.205078125
0 0.400390625 0.0751953125 0.431640625 0.0498046875 0.44140625 0.0263671875 0.4404296875 0 0.306640625 0.0009765625 0.30859375 0.0341796875 0.318359375 0.0537109375 0.3330078125 0.06640625 0.3447265625 0.07421875
0 0.390625 0.3134765625 0.42578125 0.2978515625 0.44140625 0.2666015625 0.439453125 0.2509765625 0.4296875 0.2314453125 0.4033203125 0.212890625 0.3583984375 0.21484375 0.33203125 0.2412109375 0.33203125 0.2783203125 0.3564453125 0.306640625 0.3740234375 0.314453125
0 0.494140625 0.3603515625 0.5107421875 0.35546875 0.53515625 0.3310546875 0.546875 0.2880859375 0.5224609375 0.259765625 0.5087890625 0.251953125 0.4853515625 0.25 0.443359375 0.2705078125 0.431640625 0.3173828125 0.4482421875 0.349609375 0.4716796875 0.359375
0 0.478515625 0.2490234375 0.5166015625 0.234375 0.533203125 0.1982421875 0.52734375 0.1689453125 0.4951171875 0.142578125 0.4482421875 0.1484375 0.431640625 0.1669921875 0.423828125 0.1884765625 0.423828125 0.2080078125 0.43359375 0.2353515625 0.4580078125 0.248046875
0 0.451171875 0.1455078125 0.5009765625 0.138671875 0.509765625 0.1240234375 0.513671875 0.0986328125 0.5078125 0.0732421875 0.4619140625 0.046875 0.4365234375 0.056640625 0.41796875 0.0888671875 0.435546875 0.1416015625
0 0.587890625 0.1826171875 0.61328125 0.1630859375 0.62109375 0.1455078125 0.62109375 0.1064453125 0.6103515625 0.091796875 0.5888671875 0.078125 0.5439453125 0.076171875 0.515625 0.1025390625 0.509765625 0.1396484375 0.5478515625 0.1796875
0 0.591796875 0.2861328125 0.6044921875 0.283203125 0.611328125 0.2744140625 0.62890625 0.2431640625 0.62890625 0.2216796875 0.5986328125 0.193359375 0.5634765625 0.1875 0.525390625 0.2158203125 0.525390625 0.2509765625 0.5478515625 0.28515625
0 0.669921875 0.3330078125 0.6953125 0.3212890625 0.708984375 0.3017578125 0.7109375 0.2880859375 0.6884765625 0.2421875 0.6767578125 0.236328125 0.6455078125 0.236328125 0.630859375 0.2431640625 0.609375 0.2861328125 0.615234375 0.3056640625 0.6298828125 0.32421875 0.6533203125 0.333984375
0 0.6796875 0.2314453125 0.693359375 0.2236328125 0.69921875 0.2080078125 0.71484375 0.1923828125 0.71484375 0.1708984375 0.6943359375 0.146484375 0.6513671875 0.1328125 0.62109375 0.1513671875 0.611328125 0.1728515625 0.61328125 0.1943359375 0.6396484375 0.228515625
0 0.716796875 0.1455078125 0.7470703125 0.140625 0.759765625 0.1298828125 0.771484375 0.0986328125 0.771484375 0.0810546875 0.7529296875 0.044921875 0.7060546875 0.03515625 0.6640625 0.0537109375 0.650390625 0.0927734375 0.65625 0.1181640625 0.6669921875 0.1328125 0.6982421875 0.146484375
0 0.623046875 0.0810546875 0.6494140625 0.072265625 0.669921875 0.0439453125 0.67578125 0.0283203125 0.671875 0.0029296875 0.5654296875 0 0.556640625 0.0146484375 0.556640625 0.0361328125 0.568359375 0.0615234375 0.6025390625 0.08203125
0 0.529296875 0.0751953125 0.548828125 0.0615234375 0.5546875 0.0478515625 0.55078125 0.0048828125 0.5458984375 0 0.4580078125 0 0.453125 0.0166015625 0.45703125 0.0400390625 0.5009765625 0.064453125 0.5107421875 0.076171875
0 0.73828125 0.0322265625 0.7568359375 0.025390625 0.775390625 0.0009765625 0.67578125 0.0009765625 0.681640625 0.0146484375 0.6962890625 0.025390625 0.7138671875 0.033203125
0 0.8203125 0.0849609375 0.8388671875 0.078125 0.85546875 0.0537109375 0.859375 0.0361328125 0.849609375 0.0107421875 0.8388671875 0 0.7822265625 0 0.76171875 0.0283203125 0.763671875 0.0478515625 0.77734375 0.0732421875 0.7900390625 0.083984375
0 0.83203125 0.2158203125 0.8525390625 0.2109375 0.8671875 0.1904296875 0.876953125 0.1669921875 0.876953125 0.1357421875 0.8544921875 0.10546875 0.8115234375 0.087890625 0.7919921875 0.09375 0.771484375 0.1123046875 0.75390625 0.1474609375 0.76171875 0.1826171875 0.7822265625 0.203125 0.8076171875 0.216796875
0 0.740234375 0.2919921875 0.7783203125 0.28515625 0.794921875 0.2685546875 0.80078125 0.2490234375 0.798828125 0.2216796875 0.7783203125 0.201171875 0.7548828125 0.189453125 0.7119140625 0.197265625 0.693359375 0.2255859375 0.693359375 0.2451171875 0.70703125 0.2763671875 0.7314453125 0.29296875
0 0.783203125 0.3876953125 0.8076171875 0.37890625 0.8203125 0.3623046875 0.82421875 0.3291015625 0.818359375 0.3134765625 0.7978515625 0.291015625 0.7705078125 0.287109375 0.7392578125 0.29296875 0.720703125 0.3115234375 0.72265625 0.3525390625 0.7451171875 0.3828125
0 0.8515625 0.3193359375 0.884765625 0.3017578125 0.896484375 0.2666015625 0.892578125 0.2431640625 0.8564453125 0.212890625 0.8310546875 0.216796875 0.8134765625 0.2265625 0.802734375 0.2373046875 0.796875 0.2626953125 0.80078125 0.2880859375 0.81640625 0.3076171875 0.8291015625 0.31640625
0 0.9453125 0.3330078125 0.9853515625 0.3203125 1 0.3095703125 1 0.2529296875 0.99609375 0.2431640625 0.9775390625 0.23046875 0.9345703125 0.2265625 0.9072265625 0.248046875 0.8984375 0.2626953125 0.900390625 0.2998046875 0.9208984375 0.32421875
0 0.982421875 0.2255859375 1 0.2158203125 1 0.1396484375 0.9755859375 0.126953125 0.9462890625 0.12890625 0.91796875 0.1494140625 0.91015625 0.1708984375 0.9140625 0.1982421875 0.9365234375 0.224609375
0 0.921875 0.1376953125 0.953125 0.1201171875 0.9609375 0.1005859375 0.9609375 0.0732421875 0.947265625 0.0498046875 0.9267578125 0.03515625 0.8935546875 0.033203125 0.8759765625 0.0390625 0.85546875 0.0556640625 0.849609375 0.0732421875 0.8515625 0.0947265625 0.8779296875 0.130859375
0 0.966796875 0.0419921875 0.994140625 0.0302734375 1 0.0224609375 0.9990234375 0 0.89453125 0.0009765625 0.9111328125 0.025390625 0.9443359375 0.04296875
0 1 0.1337890625 1 0.0341796875 0.9931640625 0.033203125 0.96875 0.0498046875 0.962890625 0.0849609375 0.97265625 0.1220703125
0 0.8828125 0.4267578125 0.9013671875 0.423828125 0.92578125 0.4091796875 0.935546875 0.3798828125 0.93359375 0.3505859375 0.9130859375 0.32421875 0.8662109375 0.31640625 0.8408203125 0.328125 0.83203125 0.3388671875 0.82421875 0.3818359375 0.8466796875 0.416015625
0 1 0.4345703125 1 0.3193359375 0.9912109375 0.318359375 0.9619140625 0.330078125 0.947265625 0.3447265625 0.9375 0.3798828125 0.947265625 0.4052734375 0.9677734375 0.427734375 0.9853515625 0.435546875
0 0.94140625 0.5166015625 0.955078125 0.5107421875 0.9765625 0.4560546875 0.966796875 0.4306640625 0.9365234375 0.412109375 0.8818359375 0.427734375 0.87109375 0.4755859375 0.884765625 0.5009765625 0.9091796875 0.515625
0 1 0.5556640625 1 0.4462890625 0.9931640625 0.4453125 0.974609375 0.4599609375 0.95703125 0.5068359375 0.96875 0.5361328125
0 0.93359375 0.6162109375 0.94921875 0.6005859375 0.974609375 0.5556640625 0.96484375 0.5361328125 0.9404296875 0.521484375 0.9091796875 0.517578125 0.8916015625 0.5234375 0.869140625 0.5517578125 0.87109375 0.5849609375 0.8955078125 0.61328125
0 0.85546875 0.6806640625 0.884765625 0.6611328125 0.900390625 0.6201171875 0.8681640625 0.58203125 0.8447265625 0.580078125 0.8271484375 0.583984375 0.798828125 0.6103515625 0.791015625 0.6396484375 0.8046875 0.6669921875 0.8173828125 0.677734375
0 0.8515625 0.5751953125 0.86328125 0.5673828125 0.873046875 0.5400390625 0.888671875 0.5205078125 0.888671875 0.5107421875 0.8662109375 0.470703125 0.8232421875 0.470703125 0.796875 0.4912109375 0.7890625 0.5068359375 0.7890625 0.5322265625 0.80078125 0.5537109375 0.8193359375 0.5703125 0.8291015625 0.576171875
0 1 0.6650390625 1 0.5615234375 0.9775390625 0.55859375 0.935546875 0.6240234375 0.9638671875 0.658203125 0.9833984375 0.666015625
0 0.955078125 0.7685546875 0.978515625 0.7568359375 0.990234375 0.7275390625 0.990234375 0.6982421875 0.9755859375 0.666015625 0.9365234375 0.650390625 0.89453125 0.6689453125 0.88671875 0.6884765625 0.88671875 0.7216796875 0.9052734375 0.755859375 0.9345703125 0.76953125
0 0.845703125 0.7900390625 0.8564453125 0.787109375 0.880859375 0.7646484375 0.88671875 0.7333984375 0.8681640625 0.69140625 0.8544921875 0.68359375 0.8271484375 0.681640625 0.787109375 0.7099609375 0.779296875 0.7275390625 0.78125 0.7509765625 0.8076171875 0.78515625
0 0.74609375 0.8095703125 0.7587890625 0.8046875 0.775390625 0.7861328125 0.78125 0.7568359375 0.7734375 0.7294921875 0.7568359375 0.712890625 0.7294921875 0.705078125 0.6884765625 0.7109375 0.671875 0.7373046875 0.673828125 0.7763671875 0.6904296875 0.796875 0.7138671875 0.80859375
0 0.65625 0.7373046875 0.689453125 0.7060546875 0.689453125 0.6748046875 0.6796875 0.6533203125 0.6689453125 0.64453125 0.6494140625 0.63671875 0.6259765625 0.63671875 0.595703125 0.6630859375 0.59375 0.7119140625 0.6103515625 0.732421875
0 0.626953125 0.8466796875 0.6396484375 0.84375 0.669921875 0.8095703125 0.669921875 0.7685546875 0.6494140625 0.7421875 0.6357421875 0.736328125 0.6083984375 0.734375 0.5791015625 0.7421875 0.55859375 0.7783203125 0.55859375 0.8017578125 0.56640625 0.8212890625 0.5908203125 0.845703125
0 0.53125 0.7841796875 0.55859375 0.7724609375 0.576171875 0.7392578125 0.57421875 0.7197265625 0.5400390625 0.6875 0.5029296875 0.68359375 0.478515625 0.7041015625 0.470703125 0.7197265625 0.470703125 0.7431640625 0.4951171875 0.77734375
0 0.70703125 0.9208984375 0.7275390625 0.9140625 0.744140625 0.8955078125 0.751953125 0.8779296875 0.751953125 0.8564453125 0.74609375 0.8369140625 0.7314453125 0.818359375 0.7119140625 0.80859375 0.6884765625 0.80859375 0.6689453125 0.81640625 0.646484375 0.8408203125 0.646484375 0.8759765625 0.6611328125 0.908203125 0.6806640625 0.91796875
0 0.814453125 0.8916015625 0.84375 0.8759765625 0.8515625 0.8505859375 0.849609375 0.8232421875 0.8271484375 0.79296875 0.7783203125 0.787109375 0.751953125 0.8212890625 0.755859375 0.8623046875 0.7685546875 0.880859375 0.7978515625 0.892578125
0 0.91796875 0.8740234375 0.951171875 0.8466796875 0.95703125 0.8037109375 0.94921875 0.7861328125 0.9306640625 0.771484375 0.8916015625 0.767578125 0.859375 0.7880859375 0.8515625 0.8056640625 0.853515625 0.8408203125 0.8720703125 0.869140625
0 1 0.8447265625 0.9970703125 0.748046875 0.9794921875 0.7578125 0.96875 0.7724609375 0.9609375 0.7900390625 0.9609375 0.8115234375 0.9755859375 0.841796875
0 1 0.9462890625 1 0.8486328125 0.9716796875 0.84375 0.9521484375 0.849609375 0.927734375 0.8779296875 0.92578125 0.9130859375 0.9482421875 0.939453125
0 0.880859375 0.9794921875 0.91015625 0.9619140625 0.921875 0.9443359375 0.92578125 0.9130859375 0.9072265625 0.888671875 0.8662109375 0.87890625 0.8447265625 0.884765625 0.830078125 0.9052734375 0.83203125 0.9580078125 0.8447265625 0.97265625
0 0.787109375 0.9990234375 0.8056640625 0.994140625 0.830078125 0.9638671875 0.83203125 0.9306640625 0.828125 0.9189453125 0.7978515625 0.89453125 0.7646484375 0.890625 0.736328125 0.9072265625 0.724609375 0.9267578125 0.72265625 0.9501953125 0.728515625 0.9677734375 0.7548828125 0.9921875 0.7705078125 1
0 0.705078125 0.9990234375 0.7265625 0.9794921875 0.71875 0.9365234375 0.6923828125 0.919921875 0.6708984375 0.919921875 0.6513671875 0.927734375 0.626953125 0.9619140625 0.626953125 0.9755859375 0.638671875 0.9990234375
0 0.6015625 0.9599609375 0.6259765625 0.955078125 0.638671875 0.9443359375 0.650390625 0.9248046875 0.65234375 0.8974609375 0.64453125 0.8740234375 0.6279296875 0.857421875 0.5986328125 0.84765625 0.5791015625 0.853515625 0.556640625 0.8720703125 0.544921875 0.8896484375 0.544921875 0.9052734375 0.5576171875 0.9453125 0.5869140625 0.9609375
0 0.52734375 0.8916015625 0.5439453125 0.884765625 0.55859375 0.8662109375 0.56640625 0.8466796875 0.564453125 0.8193359375 0.5380859375 0.7890625 0.4931640625 0.78125 0.4755859375 0.7890625 0.45703125 0.8095703125 0.453125 0.8505859375 0.45703125 0.8623046875 0.4853515625 0.88671875
0 0.53125 0.9990234375 0.5546875 0.9638671875 0.5546875 0.9462890625 0.54296875 0.9150390625 0.5146484375 0.89453125 0.4833984375 0.892578125 0.4580078125 0.904296875 0.443359375 0.9208984375 0.435546875 0.9423828125 0.443359375 0.9873046875 0.4599609375 1
0 0.421875 0.9306640625 0.453125 0.9033203125 0.4609375 0.8779296875 0.4443359375 0.84375 0.4013671875 0.8359375 0.3876953125 0.841796875 0.369140625 0.8623046875 0.369140625 0.9052734375 0.3876953125 0.921875
0 0.32421875 0.9638671875 0.361328125 0.9248046875 0.3671875 0.9091796875 0.365234375 0.8837890625 0.3583984375 0.87109375 0.3330078125 0.85546875 0.2978515625 0.853515625 0.2783203125 0.861328125 0.259765625 0.8818359375 0.251953125 0.9150390625 0.2802734375 0.9609375
0 0.263671875 0.9990234375 0.275390625 0.9814453125 0.27734375 0.9599609375 0.25 0.9169921875 0.2177734375 0.91015625 0.1923828125 0.921875 0.1796875 0.9462890625 0.189453125 0.9951171875 0.1943359375 1
0 0.431640625 0.9990234375 0.439453125 0.9853515625 0.4375 0.9638671875 0.419921875 0.9384765625 0.3994140625 0.92578125 0.3564453125 0.9296875 0.328125 0.9619140625 0.3369140625 1
0 0.63671875 0.9990234375 0.6240234375 0.974609375 0.5966796875 0.962890625 0.5615234375 0.966796875 0.53515625 0.9990234375
0 1 0.9990234375 1 0.9599609375 0.9833984375 0.947265625 0.9580078125 0.94140625 0.9228515625 0.947265625 0.90234375 0.9873046875 0.9033203125 1
0 0.892578125 0.9990234375 0.8779296875 0.98046875 0.8525390625 0.974609375 0.8193359375 0.982421875 0.806640625 0.9970703125