0 0.34765625 0.9169921875 0.3603515625 0.9140625 0.380859375 0.8935546875 0.380859375 0.8701171875 0.3681640625 0.84375 0.3408203125 0.837890625 0.31640625 0.8486328125 0.30078125 0.8798828125 0.3154296875 0.91015625
0 0.408203125 0.9658203125 0.431640625 0.9404296875 0.4296875 0.9150390625 0.4130859375 0.8984375 0.3818359375 0.89453125 0.36328125 0.9169921875 0.361328125 0.9423828125 0.3837890625 0.96484375
0 0.330078125 0.9951171875 0.3447265625 0.9921875 0.353515625 0.9833984375 0.361328125 0.9697265625 0.361328125 0.9482421875 0.3427734375 0.921875 0.3154296875 0.91796875 0.29296875 0.9326171875 0.28515625 0.9619140625 0.2890625 0.9755859375 0.3017578125 0.98828125
0 0.28125 0.9990234375 0.287109375 0.9677734375 0.283203125 0.9541015625 0.2685546875 0.939453125 0.2412109375 0.935546875 0.216796875 0.9541015625 0.212890625 0.9775390625 0.2197265625 1
0 0.28125 0.9365234375 0.2900390625 0.93359375 0.3046875 0.9130859375 0.298828125 0.8798828125 0.2783203125 0.865234375 0.2470703125 0.869140625 0.232421875 0.8935546875 0.234375 0.9169921875 0.2587890625 0.935546875
0 0.201171875 0.9521484375 0.2158203125 0.94921875 0.228515625 0.9365234375 0.232421875 0.8994140625 0.2158203125 0.87890625 0.1923828125 0.873046875 0.16796875 0.8837890625 0.158203125 0.8994140625 0.15625 0.9169921875 0.1689453125 0.94140625
0 0.125 0.9677734375 0.15234375 0.9404296875 0.15234375 0.9013671875 0.1201171875 0.873046875 0.0927734375 0.873046875 0.068359375 0.8935546875 0.060546875 0.9345703125 0.0830078125 0.962890625
0 0.212890625 0.9990234375 0.2109375 0.9775390625 0.1845703125 0.94921875 0.1552734375 0.94921875 0.12890625 0.9736328125 0.1279296875 1
0 0.125 0.9990234375 0.115234375 0.9755859375 0.0947265625 0.96484375 0.0673828125 0.96875 0.05078125 0.9970703125
0 0.033203125 0.9853515625 0.0625 0.9619140625 0.05859375 0.9208984375 0.0400390625 0.8984375 0.0107421875 0.89453125 0 0.8994140625 0 0.9814453125
0 0.041015625 0.9990234375 0.0263671875 0.98828125 0 0.9873046875 0.0009765625 1
0 0.41796875 0.9990234375 0.41015625 0.9736328125 0.3955078125 0.966796875 0.3623046875 0.97265625 0.353515625 0.9931640625 0.3544921875 1