0 0.4765625 0.3330078125 0.494140625 0.3212890625 0.486328125 0.2744140625 0.4755859375 0.267578125 0.4482421875 0.26953125 0.431640625 0.2880859375 0.4296875 0.3076171875 0.4443359375 0.330078125
0 0.537109375 0.3271484375 0.5576171875 0.322265625 0.572265625 0.3037109375 0.572265625 0.2744140625 0.5478515625 0.251953125 0.5205078125 0.25 0.5029296875 0.2578125 0.48828125 0.2744140625 0.48828125 0.2998046875 0.4970703125 0.318359375
0 0.595703125 0.3779296875 0.625 0.3662109375 0.634765625 0.3388671875 0.6328125 0.3271484375 0.6181640625 0.310546875 0.5986328125 0.3046875 0.5732421875 0.306640625 0.560546875 0.3232421875 0.5625 0.3525390625 0.5771484375 0.373046875
0 0.650390625 0.3291015625 0.6748046875 0.32421875 0.681640625 0.3056640625 0.677734375 0.2822265625 0.6533203125 0.26953125 0.6376953125 0.2734375 0.625 0.2958984375 0.625 0.3134765625 0.6416015625 0.330078125
0 0.72265625 0.3486328125 0.7470703125 0.341796875 0.76171875 0.3173828125 0.759765625 0.2900390625 0.7490234375 0.275390625 0.7314453125 0.267578125 0.7041015625 0.271484375 0.68359375 0.2900390625 0.6796875 0.3095703125 0.6796875 0.3212890625 0.6982421875 0.34375
0 0.82421875 0.3544921875 0.84765625 0.3271484375 0.849609375 0.2958984375 0.8271484375 0.2734375 0.7900390625 0.271484375 0.763671875 0.2998046875 0.76171875 0.3173828125 0.7880859375 0.3515625
0 0.8984375 0.3291015625 0.9140625 0.3173828125 0.91796875 0.2880859375 0.8974609375 0.267578125 0.8740234375 0.267578125 0.85546875 0.2841796875 0.85546875 0.3154296875 0.8681640625 0.328125
0 0.966796875 0.3466796875 0.990234375 0.3212890625 0.9921875 0.2958984375 0.9775390625 0.275390625 0.9521484375 0.26953125 0.9365234375 0.275390625 0.921875 0.2919921875 0.91796875 0.3134765625 0.9384765625 0.34765625
0 1 0.3779296875 1 0.3173828125 0.9951171875 0.31640625 0.98046875 0.3369140625 0.98046875 0.3544921875
0 0.96484375 0.4228515625 0.984375 0.4072265625 0.990234375 0.3740234375 0.9775390625 0.35546875 0.9443359375 0.34765625 0.9140625 0.3701171875 0.912109375 0.3935546875 0.9287109375 0.421875
0 0.8828125 0.4013671875 0.8974609375 0.3984375 0.908203125 0.3876953125 0.91015625 0.3505859375 0.8896484375 0.330078125 0.8681640625 0.330078125 0.84375 0.3505859375 0.841796875 0.3681640625 0.8583984375 0.396484375
0 0.8203125 0.4287109375 0.8330078125 0.423828125 0.84765625 0.4052734375 0.8515625 0.3896484375 0.845703125 0.3759765625 0.8212890625 0.357421875 0.7822265625 0.36328125 0.76953125 0.3876953125 0.7734375 0.4091796875 0.8056640625 0.4296875
0 0.748046875 0.4150390625 0.76953125 0.4033203125 0.77734375 0.3662109375 0.7734375 0.3544921875 0.7568359375 0.34375 0.7216796875 0.349609375 0.705078125 0.3662109375 0.708984375 0.3974609375 0.7275390625 0.416015625
0 0.673828125 0.4052734375 0.6923828125 0.3984375 0.701171875 0.3876953125 0.705078125 0.3583984375 0.6845703125 0.333984375 0.6552734375 0.328125 0.6328125 0.3466796875 0.62890625 0.3642578125 0.63671875 0.3818359375 0.6611328125 0.40625
0 0.626953125 0.4677734375 0.65234375 0.4501953125 0.658203125 0.4091796875 0.6298828125 0.376953125 0.6083984375 0.375 0.5947265625 0.37890625 0.58203125 0.3916015625 0.5703125 0.4267578125 0.5869140625 0.45703125 0.6044921875 0.466796875
0 0.697265625 0.4755859375 0.71875 0.4677734375 0.728515625 0.4404296875 0.7265625 0.4169921875 0.7060546875 0.400390625 0.6748046875 0.40625 0.662109375 0.4189453125 0.65625 0.4384765625 0.65625 0.4482421875 0.6708984375 0.46875 0.6806640625 0.4765625
0 0.763671875 0.4951171875 0.7880859375 0.490234375 0.80859375 0.4697265625 0.806640625 0.4306640625 0.7744140625 0.412109375 0.7490234375 0.416015625 0.7265625 0.4462890625 0.7265625 0.4599609375 0.736328125 0.4775390625 0.7548828125 0.494140625
0 0.9140625 0.4619140625 0.9296875 0.4306640625 0.92578125 0.4189453125 0.9072265625 0.3984375 0.8759765625 0.40234375 0.86328125 0.4208984375 0.865234375 0.4541015625 0.8720703125 0.4609375
0 0.96875 0.5029296875 0.982421875 0.4931640625 0.994140625 0.4599609375 0.9921875 0.4482421875 0.9775390625 0.4296875 0.9462890625 0.42578125 0.921875 0.4443359375 0.919921875 0.4755859375 0.9384765625 0.501953125
0 1 0.4501953125 1 0.3935546875 0.9951171875 0.392578125 0.984375 0.4072265625 0.984375 0.4306640625 0.990234375 0.4443359375
0 0.97265625 0.5927734375 0.9912109375 0.5859375 1 0.5751953125 1 0.5263671875 0.9873046875 0.515625 0.9619140625 0.51171875 0.9423828125 0.517578125 0.9296875 0.5302734375 0.92578125 0.5576171875 0.9443359375 0.587890625
0 0.8984375 0.5439453125 0.9208984375 0.5390625 0.9375 0.5048828125 0.9072265625 0.462890625 0.8740234375 0.4609375 0.853515625 0.4912109375 0.85546875 0.5185546875 0.8740234375 0.541015625
0 1 0.5224609375 0.9970703125 0.46484375 0.982421875 0.5009765625 0.986328125 0.5126953125
0 0.845703125 0.5966796875 0.87109375 0.5830078125 0.873046875 0.5439453125 0.8544921875 0.525390625 0.8134765625 0.5234375 0.794921875 0.5478515625 0.798828125 0.5771484375 0.8349609375 0.59765625
0 0.716796875 0.5458984375 0.74609375 0.5361328125 0.755859375 0.5185546875 0.755859375 0.5029296875 0.7392578125 0.48046875 0.7041015625 0.474609375 0.68359375 0.4931640625 0.681640625 0.5146484375 0.7041015625 0.544921875
0 0.650390625 0.5263671875 0.6650390625 0.5234375 0.6796875 0.5087890625 0.681640625 0.4794921875 0.6611328125 0.462890625 0.6416015625 0.462890625 0.6259765625 0.470703125 0.619140625 0.4892578125 0.62109375 0.5087890625 0.6416015625 0.52734375
0 0.6875 0.5888671875 0.70703125 0.5673828125 0.70703125 0.5478515625 0.6787109375 0.525390625 0.6455078125 0.529296875 0.634765625 0.5458984375 0.63671875 0.5693359375 0.6611328125 0.58984375
0 0.82421875 0.6533203125 0.837890625 0.6435546875 0.83984375 0.6083984375 0.8115234375 0.58203125 0.7939453125 0.58203125 0.77734375 0.5947265625 0.7734375 0.6220703125 0.7958984375 0.650390625
0 0.880859375 0.6630859375 0.900390625 0.6474609375 0.904296875 0.6083984375 0.8837890625 0.59375 0.8623046875 0.591796875 0.841796875 0.6083984375 0.83984375 0.6474609375
0 0.951171875 0.6650390625 0.970703125 0.6533203125 0.978515625 0.6376953125 0.978515625 0.6201171875 0.9697265625 0.6015625 0.9384765625 0.58984375 0.904296875 0.6103515625 0.90234375 0.6455078125 0.9248046875 0.6640625
0 1 0.6435546875 0.9970703125 0.583984375 0.98046875 0.6044921875 0.978515625 0.6240234375 0.9833984375 0.63671875
0 0.919921875 0.7587890625 0.939453125 0.7255859375 0.931640625 0.7001953125 0.9111328125 0.6875 0.8759765625 0.6875 0.859375 0.7177734375 0.86328125 0.7373046875 0.8818359375 0.755859375
0 0.966796875 0.8056640625 1 0.7783203125 1 0.7548828125 0.9775390625 0.7265625 0.9462890625 0.72265625 0.9375 0.7275390625 0.923828125 0.7529296875 0.923828125 0.7763671875 0.9443359375 0.802734375
0 0.857421875 0.7275390625 0.875 0.6865234375 0.875 0.6669921875 0.8466796875 0.654296875 0.8232421875 0.65625 0.80859375 0.6748046875 0.8046875 0.7021484375 0.8271484375 0.728515625