0 0.71875 0.1162109375 0.736328125 0.1064453125 0.748046875 0.0771484375 0.74609375 0.0654296875 0.7236328125 0.04296875 0.6845703125 0.04296875 0.673828125 0.0576171875 0.671875 0.0927734375 0.6845703125 0.111328125
0 0.75390625 0.0654296875 0.787109375 0.0556640625 0.796875 0.0302734375 0.7900390625 0 0.7314453125 0 0.7265625 0.0068359375 0.724609375 0.0400390625
0 0.8359375 0.0771484375 0.8515625 0.0693359375 0.859375 0.0537109375 0.859375 0.0361328125 0.8388671875 0.015625 0.8251953125 0.013671875 0.798828125 0.0322265625 0.796875 0.0595703125 0.8154296875 0.076171875
0 0.8984375 0.1220703125 0.927734375 0.0986328125 0.931640625 0.0712890625 0.9169921875 0.05078125 0.8818359375 0.044921875 0.857421875 0.0576171875 0.849609375 0.0751953125 0.8515625 0.0888671875 0.8681640625 0.119140625
0 0.978515625 0.1435546875 1 0.1279296875 1 0.0771484375 0.9814453125 0.0625 0.9560546875 0.0625 0.93359375 0.0771484375 0.927734375 0.1142578125 0.9501953125 0.140625
0 0.970703125 0.0595703125 0.994140625 0.0400390625 0.99609375 0.0068359375 0.9912109375 0 0.9482421875 0 0.935546875 0.0107421875 0.9375 0.0458984375 0.9541015625 0.060546875
0 0.904296875 0.0439453125 0.92578125 0.0322265625 0.935546875 0.0146484375 0.9345703125 0 0.8515625 0.0029296875 0.857421875 0.0302734375 0.8642578125 0.037109375
0 0.689453125 0.0380859375 0.71875 0.0244140625 0.7236328125 0 0.650390625 0.0009765625 0.654296875 0.0185546875 0.6708984375 0.037109375
0 0.8203125 0.0126953125 0.8330078125 0.01171875 0.845703125 0.0009765625 0.794921875 0.0009765625 0.7998046875 0.01171875
0 0.33984375 0.0400390625 0.361328125 0.0224609375 0.3701171875 0 0.287109375 0.0009765625 0.291015625 0.0205078125 0.3095703125 0.037109375
0 0.3203125 0.1181640625 0.3291015625 0.1171875 0.345703125 0.1005859375 0.3515625 0.0654296875 0.3408203125 0.046875 0.3076171875 0.041015625 0.287109375 0.0517578125 0.27734375 0.0673828125 0.27734375 0.0791015625 0.2900390625 0.107421875 0.3076171875 0.119140625
0 0.263671875 0.0712890625 0.27734375 0.0654296875 0.29296875 0.0361328125 0.28515625 0.0048828125 0.2802734375 0 0.2236328125 0 0.212890625 0.0224609375 0.220703125 0.0537109375 0.2412109375 0.0703125
0 0.203125 0.0166015625 0.220703125 0.0009765625 0.158203125 0.0009765625 0.1689453125 0.013671875
0 0.13671875 0.0439453125 0.16015625 0.0244140625 0.1640625 0.0107421875 0.1533203125 0 0.0966796875 0 0.08984375 0.0263671875 0.1083984375 0.04296875
0 0.064453125 0.0322265625 0.08984375 0.0205078125 0.0927734375 0 0.025390625 0.0009765625 0.0380859375 0.025390625
0 0.0078125 0.0126953125 0.021484375 0.0009765625 0.0009765625 0 0 0.0126953125
0 0.013671875 0.0087890625 0.0185546875 0 0 0.0009765625
0 0.001953125 0.0595703125 0.0078125 0.0341796875 0.0009765625 0.0234375