0 0.005859375 0.4404296875 0.0146484375 0.439453125 0.03125 0.4228515625 0.0390625 0.3779296875 0.0302734375 0.361328125 0.0009765625 0.34765625 0 0.4404296875
0 0.080078125 0.4658203125 0.103515625 0.4443359375 0.10546875 0.4072265625 0.0869140625 0.388671875 0.0439453125 0.392578125 0.033203125 0.4189453125 0.03515625 0.4404296875 0.0498046875 0.462890625
0 0.0859375 0.5380859375 0.109375 0.5302734375 0.1171875 0.4990234375 0.0947265625 0.470703125 0.0712890625 0.466796875 0.05078125 0.4775390625 0.04296875 0.5029296875 0.0712890625 0.5390625
0 0.01953125 0.5107421875 0.04296875 0.4970703125 0.048828125 0.4814453125 0.046875 0.4599609375 0.0341796875 0.443359375 0.0068359375 0.439453125 0 0.4423828125 0 0.5107421875
0 0.037109375 0.5908203125 0.0556640625 0.5859375 0.064453125 0.5771484375 0.0703125 0.5400390625 0.0498046875 0.51171875 0.0244140625 0.509765625 0 0.5263671875 0 0.5712890625 0.0166015625 0.58984375
0 0.123046875 0.6181640625 0.150390625 0.5927734375 0.150390625 0.5634765625 0.1201171875 0.53515625 0.0927734375 0.53515625 0.0703125 0.5556640625 0.068359375 0.5927734375 0.0888671875 0.615234375
0 0.126953125 0.6845703125 0.1484375 0.6708984375 0.15234375 0.6416015625 0.1318359375 0.619140625 0.1064453125 0.62109375 0.08984375 0.6396484375 0.087890625 0.6611328125 0.1044921875 0.68359375
0 0.0546875 0.6806640625 0.0859375 0.6572265625 0.08984375 0.6240234375 0.0693359375 0.59765625 0.0478515625 0.59375 0.017578125 0.6103515625 0.01171875 0.6435546875 0.0283203125 0.673828125
0 0.041015625 0.7646484375 0.0537109375 0.759765625 0.06640625 0.7431640625 0.0703125 0.7060546875 0.0537109375 0.6875 0.0400390625 0.68359375 0.013671875 0.6982421875 0.001953125 0.7177734375 0.001953125 0.7373046875 0.0166015625 0.759765625
0 0.12109375 0.7685546875 0.138671875 0.7587890625 0.1484375 0.7236328125 0.142578125 0.7060546875 0.1259765625 0.689453125 0.1064453125 0.685546875 0.0849609375 0.697265625 0.07421875 0.7119140625 0.072265625 0.7353515625 0.0869140625 0.759765625 0.1025390625 0.76953125
0 0.080078125 0.8310546875 0.10546875 0.8115234375 0.107421875 0.7880859375 0.0888671875 0.76171875 0.0595703125 0.7578125 0.033203125 0.7802734375 0.033203125 0.8115234375 0.0576171875 0.83203125
0 0.158203125 0.8388671875 0.177734375 0.8154296875 0.177734375 0.7880859375 0.1591796875 0.763671875 0.1357421875 0.76171875 0.107421875 0.7841796875 0.107421875 0.8134765625 0.1357421875 0.837890625
0 0.158203125 0.9052734375 0.177734375 0.8916015625 0.181640625 0.8642578125 0.1611328125 0.841796875 0.1416015625 0.841796875 0.119140625 0.8603515625 0.1171875 0.8837890625 0.1318359375 0.90234375
0 0.083984375 0.9130859375 0.0966796875 0.908203125 0.115234375 0.8857421875 0.1171875 0.8623046875 0.1083984375 0.84765625 0.0732421875 0.83203125 0.0576171875 0.837890625 0.0390625 0.8564453125 0.037109375 0.8857421875 0.0556640625 0.908203125
0 0.009765625 0.9013671875 0.03515625 0.8818359375 0.037109375 0.8505859375 0.0205078125 0.833984375 0.0009765625 0.828125 0 0.9013671875
0 0.001953125 0.7177734375 0.021484375 0.6884765625 0.017578125 0.6591796875 0.0048828125 0.646484375 0 0.6474609375
0 0.001953125 0.6337890625 0.01171875 0.6279296875 0.015625 0.5986328125 0.0009765625 0.576171875
0 0.009765625 0.8271484375 0.029296875 0.8134765625 0.03125 0.7763671875 0.0146484375 0.759765625 0.0009765625 0.7578125 0 0.8271484375
0 0.123046875 0.9814453125 0.146484375 0.9677734375 0.15234375 0.9345703125 0.1396484375 0.908203125 0.1064453125 0.904296875 0.087890625 0.9169921875 0.08203125 0.9541015625 0.1044921875 0.98046875
0 0.0546875 0.9736328125 0.0654296875 0.970703125 0.078125 0.9541015625 0.076171875 0.9248046875 0.0419921875 0.900390625 0.0205078125 0.90234375 0.01171875 0.9130859375 0.009765625 0.9521484375 0.0361328125 0.974609375
0 0.203125 0.9814453125 0.23046875 0.9638671875 0.236328125 0.9267578125 0.2099609375 0.900390625 0.1767578125 0.8984375 0.162109375 0.9091796875 0.15234375 0.9423828125 0.16015625 0.9619140625 0.1748046875 0.9765625
0 0.287109375 0.9794921875 0.3125 0.9619140625 0.314453125 0.9326171875 0.2939453125 0.912109375 0.2685546875 0.908203125 0.240234375 0.9267578125 0.23828125 0.9501953125 0.2548828125 0.97265625 0.2705078125 0.98046875
0 0.27734375 0.9990234375 0.2705078125 0.98046875 0.2412109375 0.970703125 0.2177734375 0.9765625 0.19921875 0.9970703125
0 0.1953125 0.9990234375 0.1806640625 0.98046875 0.1591796875 0.97265625 0.1376953125 0.974609375 0.119140625 0.9951171875 0.1201171875 1
0 0.111328125 0.9990234375 0.0966796875 0.9765625 0.0810546875 0.97265625 0.0615234375 0.97265625 0.037109375 0.9912109375 0.0380859375 1
0 0.033203125 0.9990234375 0.03515625 0.9833984375 0.029296875 0.9736328125 0.0166015625 0.962890625 0.0009765625 0.9609375 0 0.9990234375
0 0.005859375 0.9521484375 0.01171875 0.9423828125 0.01171875 0.9150390625 0.0009765625 0.904296875 0 0.9521484375