0 1 0.0830078125 1 0.0166015625 0.9775390625 0.00390625 0.95703125 0.0263671875 0.951171875 0.0478515625 0.95703125 0.0615234375 0.9794921875 0.08203125
0 0.943359375 0.0283203125 0.9560546875 0.0234375 0.97265625 0.0009765625 0.89453125 0.0009765625 0.9052734375 0.01953125 0.9208984375 0.02734375
0 0.92578125 0.1083984375 0.94921875 0.0986328125 0.958984375 0.0830078125 0.958984375 0.0673828125 0.951171875 0.0458984375 0.9365234375 0.03125 0.9130859375 0.029296875 0.880859375 0.0537109375 0.87890625 0.0771484375 0.9013671875 0.10546875
0 1 0.1611328125 1 0.0888671875 0.9599609375 0.0859375 0.9453125 0.1064453125 0.947265625 0.1357421875 0.9677734375 0.16015625
0 0.990234375 0.2412109375 1 0.2373046875 1 0.1728515625 0.9833984375 0.1640625 0.9599609375 0.166015625 0.935546875 0.1884765625 0.9375 0.2236328125 0.9619140625 0.2421875
0 1 0.2900390625 0.9990234375 0.23828125 0.98828125 0.2451171875 0.986328125 0.2685546875
0 1 0.3740234375 0.9990234375 0.31640625 0.984375 0.3349609375 0.984375 0.3544921875 0.98828125 0.3662109375
0 1 0.5068359375 1 0.4169921875 0.9931640625 0.416015625 0.96875 0.4306640625 0.9609375 0.4501953125 0.9609375 0.4716796875 0.9794921875 0.501953125
0 0.98046875 0.5693359375 1 0.5595703125 1 0.5224609375 0.9873046875 0.505859375 0.9580078125 0.498046875 0.931640625 0.5205078125 0.9296875 0.5458984375 0.9541015625 0.568359375
0 1 0.7509765625 0.9970703125 0.697265625 0.98828125 0.7060546875 0.98828125 0.7412109375
0 1 0.8427734375 0.9990234375 0.779296875 0.982421875 0.7998046875 0.982421875 0.8251953125