0 0.33203125 0.0439453125 0.353515625 0.0283203125 0.3583984375 0 0.283203125 0.0009765625 0.28515625 0.0224609375 0.2998046875 0.04296875
0 0.26953125 0.0888671875 0.2841796875 0.083984375 0.298828125 0.0693359375 0.302734375 0.0498046875 0.2841796875 0.025390625 0.2646484375 0.017578125 0.2490234375 0.01953125 0.2265625 0.0341796875 0.22265625 0.0517578125 0.228515625 0.0751953125 0.2431640625 0.0859375
0 0.201171875 0.1494140625 0.2177734375 0.14453125 0.224609375 0.1357421875 0.23046875 0.1201171875 0.228515625 0.0888671875 0.2021484375 0.0703125 0.1787109375 0.068359375 0.158203125 0.0849609375 0.154296875 0.1181640625 0.1669921875 0.142578125
0 0.201171875 0.0673828125 0.22265625 0.0478515625 0.224609375 0.0224609375 0.21875 0.0087890625 0.2119140625 0 0.1591796875 0 0.1484375 0.0146484375 0.154296875 0.0478515625 0.1767578125 0.06640625
0 0.123046875 0.1025390625 0.14453125 0.0947265625 0.158203125 0.0771484375 0.16015625 0.0595703125 0.1376953125 0.029296875 0.1220703125 0.0234375 0.0986328125 0.025390625 0.07421875 0.0458984375 0.07421875 0.0791015625 0.083984375 0.0947265625 0.0986328125 0.103515625
0 0.119140625 0.0224609375 0.1298828125 0.01953125 0.142578125 0.0009765625 0.0703125 0.0009765625 0.0869140625 0.021484375
0 0.048828125 0.0654296875 0.0703125 0.0537109375 0.080078125 0.0341796875 0.080078125 0.0166015625 0.0673828125 0 0.0166015625 0 0.00390625 0.0146484375 0.005859375 0.0458984375 0.0283203125 0.064453125
0 0.044921875 0.1455078125 0.0751953125 0.13671875 0.0859375 0.1162109375 0.08203125 0.0927734375 0.0576171875 0.0703125 0.0283203125 0.072265625 0.015625 0.0830078125 0.0078125 0.1025390625 0.015625 0.1298828125 0.0283203125 0.142578125
0 0.126953125 0.1845703125 0.154296875 0.1708984375 0.162109375 0.1357421875 0.15625 0.1220703125 0.1357421875 0.10546875 0.1083984375 0.10546875 0.083984375 0.1220703125 0.078125 0.1376953125 0.080078125 0.1572265625 0.08203125 0.1650390625 0.1083984375 0.185546875
0 0.076171875 0.2392578125 0.0966796875 0.232421875 0.107421875 0.2197265625 0.109375 0.1884765625 0.0810546875 0.166015625 0.0498046875 0.169921875 0.03515625 0.1845703125 0.03515625 0.2099609375 0.0537109375 0.236328125
0 0.142578125 0.2470703125 0.19140625 0.2255859375 0.193359375 0.2138671875 0.18359375 0.1865234375 0.1611328125 0.173828125 0.1259765625 0.185546875 0.111328125 0.2080078125 0.109375 0.2197265625 0.123046875 0.2451171875
0 0.2421875 0.2138671875 0.2548828125 0.2109375 0.265625 0.1982421875 0.263671875 0.1689453125 0.2314453125 0.1484375 0.1962890625 0.158203125 0.18359375 0.1826171875 0.19140625 0.2060546875 0.2099609375 0.21484375
0 0.25390625 0.2919921875 0.275390625 0.2724609375 0.279296875 0.2470703125 0.2646484375 0.22265625 0.2529296875 0.21484375 0.2373046875 0.21484375 0.208984375 0.2314453125 0.208984375 0.2705078125 0.2255859375 0.2890625
0 0.181640625 0.3076171875 0.205078125 0.2900390625 0.208984375 0.2685546875 0.203125 0.2431640625 0.1884765625 0.232421875 0.1728515625 0.232421875 0.138671875 0.2509765625 0.130859375 0.2763671875 0.1494140625 0.302734375
0 0.138671875 0.3740234375 0.1552734375 0.3671875 0.16796875 0.3525390625 0.169921875 0.3251953125 0.1494140625 0.302734375 0.1357421875 0.296875 0.1201171875 0.298828125 0.09375 0.3232421875 0.08984375 0.3466796875 0.1103515625 0.37109375
0 0.09375 0.3095703125 0.1181640625 0.298828125 0.130859375 0.2802734375 0.125 0.2470703125 0.1064453125 0.234375 0.0751953125 0.240234375 0.0546875 0.2646484375 0.060546875 0.2958984375 0.0791015625 0.30859375
0 0.01953125 0.3017578125 0.048828125 0.2822265625 0.052734375 0.2392578125 0.0361328125 0.21484375 0.0009765625 0.208984375 0 0.3017578125
0 0.05859375 0.3818359375 0.087890625 0.3583984375 0.087890625 0.3310546875 0.0673828125 0.302734375 0.0341796875 0.298828125 0.0078125 0.3193359375 0.00390625 0.3447265625 0.0205078125 0.375 0.0400390625 0.3828125
0 0.103515625 0.4501953125 0.1181640625 0.4453125 0.134765625 0.4248046875 0.130859375 0.3876953125 0.1201171875 0.375 0.1064453125 0.37109375 0.0732421875 0.375 0.0546875 0.3935546875 0.052734375 0.4248046875 0.0693359375 0.447265625
0 0.18359375 0.4326171875 0.208984375 0.4169921875 0.212890625 0.3935546875 0.2021484375 0.369140625 0.1728515625 0.359375 0.146484375 0.3740234375 0.138671875 0.3857421875 0.13671875 0.4072265625 0.1552734375 0.42578125
0 0.2578125 0.4482421875 0.283203125 0.4326171875 0.2890625 0.4091796875 0.2724609375 0.380859375 0.2451171875 0.373046875 0.21484375 0.3916015625 0.2109375 0.4189453125 0.2294921875 0.443359375
0 0.232421875 0.3759765625 0.255859375 0.3642578125 0.265625 0.3466796875 0.265625 0.3271484375 0.2490234375 0.296875 0.2060546875 0.29296875 0.185546875 0.3134765625 0.185546875 0.3505859375 0.2041015625 0.37109375
0 0.015625 0.2041015625 0.03125 0.1962890625 0.04296875 0.1591796875 0.0146484375 0.13671875 0.0009765625 0.13671875 0 0.2041015625
0 0.26171875 0.0166015625 0.27734375 0.0068359375 0.2763671875 0 0.212890625 0.0009765625 0.2255859375 0.015625