0 0.115234375 0.6064453125 0.1357421875 0.603515625 0.146484375 0.5947265625 0.154296875 0.5810546875 0.154296875 0.5576171875 0.1357421875 0.53125 0.1044921875 0.52734375 0.080078125 0.5419921875 0.076171875 0.5791015625 0.0908203125 0.6015625
0 0.140625 0.6904296875 0.16015625 0.6708984375 0.1640625 0.6416015625 0.1474609375 0.615234375 0.1162109375 0.607421875 0.08984375 0.6357421875 0.091796875 0.6689453125 0.1240234375 0.69140625
0 0.162109375 0.7529296875 0.181640625 0.7412109375 0.1875 0.7177734375 0.1748046875 0.697265625 0.1513671875 0.685546875 0.125 0.7001953125 0.1171875 0.7255859375 0.1396484375 0.75
0 0.41015625 0.9990234375 0.4140625 0.9697265625 0.3935546875 0.947265625 0.3681640625 0.943359375 0.345703125 0.9619140625 0.3505859375 1
0 0.34765625 0.9990234375 0.34375 0.9638671875 0.3251953125 0.953125 0.3017578125 0.955078125 0.28125 0.9794921875 0.2822265625 1
0 0.28125 0.9990234375 0.28125 0.9794921875 0.2568359375 0.962890625 0.2236328125 0.966796875 0.19921875 0.9970703125
0 0.103515625 0.9990234375 0.109375 0.9638671875 0.0888671875 0.943359375 0.0595703125 0.9453125 0.04296875 0.9599609375 0.0390625 0.9833984375 0.0458984375 1
0 0.009765625 0.9931640625 0.033203125 0.9794921875 0.04296875 0.9462890625 0.0322265625 0.921875 0.0107421875 0.908203125 0.0009765625 0.908203125 0 0.9931640625
0 0.08203125 0.9404296875 0.099609375 0.9248046875 0.107421875 0.8974609375 0.0869140625 0.869140625 0.0615234375 0.869140625 0.0390625 0.8974609375 0.037109375 0.9130859375 0.0556640625 0.9375
0 0.015625 0.9072265625 0.041015625 0.8935546875 0.052734375 0.8740234375 0.052734375 0.8564453125 0.0322265625 0.830078125 0.0009765625 0.82421875 0 0.9052734375
0 0.083984375 0.8603515625 0.103515625 0.8427734375 0.10546875 0.8173828125 0.0830078125 0.7890625 0.0576171875 0.7890625 0.037109375 0.8037109375 0.033203125 0.8310546875 0.0556640625 0.859375
0 0.080078125 0.7861328125 0.099609375 0.7607421875 0.095703125 0.7294921875 0.0654296875 0.708984375 0.0400390625 0.712890625 0.025390625 0.7333984375 0.029296875 0.7705078125 0.0517578125 0.787109375
0 0.056640625 0.6884765625 0.0771484375 0.6796875 0.08984375 0.6552734375 0.083984375 0.6357421875 0.0673828125 0.619140625 0.0400390625 0.615234375 0.017578125 0.6318359375 0.015625 0.6630859375 0.0380859375 0.6875
0 0.005859375 0.7451171875 0.0205078125 0.736328125 0.033203125 0.7177734375 0.03515625 0.6923828125 0.0166015625 0.66796875 0.0009765625 0.662109375 0 0.7451171875
0 0.0078125 0.8212890625 0.025390625 0.8076171875 0.03125 0.7763671875 0.0166015625 0.755859375 0.0009765625 0.751953125 0 0.8212890625
0 0.041015625 0.6142578125 0.0595703125 0.609375 0.072265625 0.5966796875 0.07421875 0.5673828125 0.0537109375 0.546875 0.0244140625 0.544921875 0.005859375 0.5595703125 0.001953125 0.5888671875 0.0146484375 0.609375
0 0.06640625 0.5517578125 0.078125 0.5439453125 0.0859375 0.5263671875 0.078125 0.5009765625 0.0537109375 0.48828125 0.0263671875 0.49609375 0.015625 0.5166015625 0.0234375 0.5400390625
0 0.00390625 0.5634765625 0.013671875 0.5478515625 0.015625 0.5244140625 0.0009765625 0.505859375
0 0.00390625 0.6513671875 0.015625 0.6337890625 0.015625 0.6123046875 0.0009765625 0.59375
0 0.001953125 0.4033203125 0.021484375 0.3857421875 0.025390625 0.3603515625 0.0009765625 0.333984375
0 0.001953125 0.3291015625 0.021484375 0.3037109375 0.021484375 0.2900390625 0.0029296875 0.263671875