0 0.125 0.1142578125 0.15234375 0.1005859375 0.16015625 0.0654296875 0.1435546875 0.0390625 0.1162109375 0.03515625 0.0947265625 0.04296875 0.08203125 0.0576171875 0.08203125 0.0830078125 0.0927734375 0.10546875
0 0.0390625 0.0869140625 0.0732421875 0.07421875 0.08203125 0.0537109375 0.078125 0.0302734375 0.0576171875 0.01171875 0.0244140625 0.015625 0.005859375 0.0439453125 0.013671875 0.0771484375
0 0.060546875 0.1611328125 0.087890625 0.1474609375 0.095703125 0.1162109375 0.0830078125 0.09375 0.0517578125 0.083984375 0.01953125 0.1044921875 0.017578125 0.1240234375 0.0322265625 0.154296875
0 0.138671875 0.1943359375 0.166015625 0.1787109375 0.171875 0.1591796875 0.16796875 0.1298828125 0.1416015625 0.115234375 0.1162109375 0.115234375 0.09765625 0.1259765625 0.08984375 0.1435546875 0.091796875 0.1591796875 0.1103515625 0.189453125
0 0.19921875 0.1455078125 0.2314453125 0.138671875 0.248046875 0.1162109375 0.244140625 0.0810546875 0.2294921875 0.06640625 0.2138671875 0.060546875 0.1787109375 0.068359375 0.16015625 0.0947265625 0.162109375 0.1181640625 0.169921875 0.1318359375 0.1865234375 0.14453125
0 0.193359375 0.0595703125 0.2080078125 0.0546875 0.228515625 0.0322265625 0.228515625 0.0009765625 0.1416015625 0 0.138671875 0.0224609375 0.15234375 0.0478515625 0.1728515625 0.060546875
0 0.115234375 0.0341796875 0.13671875 0.0185546875 0.1376953125 0 0.0625 0.0009765625 0.064453125 0.0126953125 0.0810546875 0.03125
0 0.033203125 0.0126953125 0.05078125 0.0009765625 0 0.0009765625 0.0048828125 0.009765625
0 0.001953125 0.1259765625 0.017578125 0.1083984375 0.017578125 0.0869140625 0.0029296875 0.064453125
0 0.298828125 0.1201171875 0.3203125 0.1005859375 0.318359375 0.0654296875 0.2939453125 0.05078125 0.2705078125 0.0546875 0.25 0.0791015625 0.251953125 0.1005859375 0.2724609375 0.119140625
0 0.27734375 0.0517578125 0.302734375 0.0380859375 0.306640625 0.0009765625 0.2314453125 0 0.23046875 0.0302734375 0.2626953125 0.052734375
0 0.349609375 0.1669921875 0.375 0.1533203125 0.380859375 0.1240234375 0.3583984375 0.1015625 0.3310546875 0.099609375 0.30859375 0.1201171875 0.306640625 0.1396484375 0.3125 0.1552734375 0.3271484375 0.166015625
0 0.28125 0.1943359375 0.3046875 0.1767578125 0.30859375 0.1494140625 0.2861328125 0.123046875 0.2568359375 0.12109375 0.234375 0.1396484375 0.232421875 0.1611328125 0.2451171875 0.18359375 0.2607421875 0.193359375
0 0.205078125 0.2236328125 0.2265625 0.2158203125 0.236328125 0.2001953125 0.23828125 0.1787109375 0.2275390625 0.15625 0.1982421875 0.1484375 0.171875 0.1650390625 0.1640625 0.1845703125 0.1767578125 0.21484375 0.1884765625 0.22265625
0 0.271484375 0.2666015625 0.2802734375 0.265625 0.296875 0.2451171875 0.296875 0.2138671875 0.2724609375 0.1953125 0.2373046875 0.201171875 0.2265625 0.2177734375 0.2265625 0.2412109375 0.234375 0.2568359375 0.2451171875 0.265625
0 0.333984375 0.3154296875 0.361328125 0.2919921875 0.361328125 0.2666015625 0.3427734375 0.244140625 0.3310546875 0.23828125 0.3095703125 0.240234375 0.28515625 0.2626953125 0.28515625 0.2939453125 0.3095703125 0.31640625
0 0.07421875 0.4580078125 0.099609375 0.4443359375 0.109375 0.4208984375 0.0908203125 0.396484375 0.0615234375 0.390625 0.03515625 0.4189453125 0.033203125 0.4306640625 0.0517578125 0.458984375
0 0.02734375 0.4248046875 0.060546875 0.3916015625 0.060546875 0.3701171875 0.0341796875 0.34765625 0.0107421875 0.345703125 0 0.3505859375 0 0.4169921875 0.0126953125 0.42578125
0 0.01953125 0.5087890625 0.04296875 0.4931640625 0.048828125 0.4580078125 0.0322265625 0.4375 0.0048828125 0.427734375 0 0.4306640625 0 0.5087890625
0 0.400390625 0.2822265625 0.423828125 0.2646484375 0.4296875 0.2373046875 0.4169921875 0.220703125 0.3974609375 0.212890625 0.3779296875 0.216796875 0.36328125 0.2275390625 0.359375 0.2607421875 0.3681640625 0.275390625
0 0.345703125 0.2373046875 0.365234375 0.2236328125 0.37109375 0.2080078125 0.369140625 0.1904296875 0.3544921875 0.171875 0.3154296875 0.171875 0.298828125 0.1904296875 0.30078125 0.2216796875 0.3134765625 0.234375
0 0.474609375 0.2607421875 0.498046875 0.2529296875 0.509765625 0.2216796875 0.4912109375 0.19140625 0.4638671875 0.185546875 0.44140625 0.1962890625 0.43359375 0.2119140625 0.43359375 0.2294921875 0.4541015625 0.25390625
0 0.416015625 0.2138671875 0.4326171875 0.208984375 0.443359375 0.1943359375 0.4453125 0.1689453125 0.4228515625 0.14453125 0.3857421875 0.146484375 0.37109375 0.1611328125 0.37109375 0.1884765625 0.3857421875 0.20703125
0 0.49609375 0.1904296875 0.5166015625 0.1796875 0.5234375 0.1669921875 0.517578125 0.1396484375 0.5029296875 0.126953125 0.4677734375 0.134765625 0.455078125 0.1513671875 0.455078125 0.1650390625 0.4638671875 0.1796875 0.4794921875 0.189453125
0 0.44921875 0.1455078125 0.4599609375 0.142578125 0.4765625 0.1240234375 0.478515625 0.0927734375 0.4501953125 0.068359375 0.4228515625 0.06640625 0.400390625 0.0869140625 0.396484375 0.1162109375 0.4130859375 0.140625
0 0.431640625 0.0634765625 0.4482421875 0.056640625 0.4609375 0.0361328125 0.455078125 0.0048828125 0.4501953125 0 0.3974609375 0 0.38671875 0.0224609375 0.38671875 0.0380859375 0.4111328125 0.0625
0 0.353515625 0.0634765625 0.3701171875 0.0546875 0.384765625 0.0361328125 0.380859375 0.0009765625 0.3193359375 0 0.30859375 0.0126953125 0.3125 0.0478515625 0.3310546875 0.064453125
0 0.50390625 0.0888671875 0.5234375 0.0751953125 0.52734375 0.0478515625 0.5126953125 0.029296875 0.4931640625 0.0234375 0.466796875 0.0380859375 0.4609375 0.0654296875 0.4814453125 0.08984375
0 0.556640625 0.1494140625 0.580078125 0.1337890625 0.58984375 0.1123046875 0.587890625 0.0947265625 0.5615234375 0.072265625 0.5322265625 0.072265625 0.5078125 0.0986328125 0.5078125 0.1240234375 0.5205078125 0.142578125 0.5380859375 0.150390625
0 0.568359375 0.2314453125 0.595703125 0.2099609375 0.6015625 0.1923828125 0.599609375 0.1728515625 0.5732421875 0.15234375 0.5419921875 0.15234375 0.525390625 0.1650390625 0.517578125 0.1943359375 0.5302734375 0.220703125
0 0.54296875 0.2998046875 0.5703125 0.2802734375 0.5703125 0.2509765625 0.5556640625 0.232421875 0.5302734375 0.224609375 0.50390625 0.2412109375 0.498046875 0.2529296875 0.501953125 0.2783203125 0.5205078125 0.298828125
0 0.623046875 0.2880859375 0.66015625 0.2685546875 0.662109375 0.2353515625 0.6474609375 0.21484375 0.6298828125 0.20703125 0.6103515625 0.20703125 0.5986328125 0.2109375 0.583984375 0.2275390625 0.578125 0.2529296875 0.5908203125 0.279296875
0 0.580078125 0.3564453125 0.6005859375 0.349609375 0.61328125 0.3349609375 0.615234375 0.2998046875 0.6044921875 0.287109375 0.5888671875 0.28125 0.5732421875 0.28125 0.541015625 0.3037109375 0.54296875 0.3388671875 0.5673828125 0.35546875
0 0.62109375 0.4189453125 0.642578125 0.4072265625 0.642578125 0.3720703125 0.6162109375 0.3515625 0.5810546875 0.357421875 0.572265625 0.3701171875 0.572265625 0.4013671875 0.5966796875 0.419921875
0 0.66796875 0.3681640625 0.69921875 0.3583984375 0.712890625 0.3212890625 0.6982421875 0.2890625 0.6787109375 0.279296875 0.6474609375 0.279296875 0.630859375 0.2900390625 0.6171875 0.3115234375 0.6171875 0.3369140625 0.6416015625 0.3671875
0 0.703125 0.4560546875 0.728515625 0.4404296875 0.734375 0.4150390625 0.73046875 0.3896484375 0.7158203125 0.373046875 0.6962890625 0.365234375 0.6689453125 0.369140625 0.646484375 0.3896484375 0.64453125 0.4208984375 0.6611328125 0.44921875 0.6787109375 0.45703125
0 0.779296875 0.4853515625 0.7998046875 0.48046875 0.81640625 0.4658203125 0.82421875 0.4501953125 0.82421875 0.4267578125 0.8115234375 0.404296875 0.7724609375 0.392578125 0.736328125 0.4189453125 0.734375 0.4462890625 0.7490234375 0.474609375
0 0.7890625 0.3916015625 0.814453125 0.3798828125 0.818359375 0.3505859375 0.814453125 0.3388671875 0.7978515625 0.32421875 0.7763671875 0.318359375 0.748046875 0.3388671875 0.744140625 0.3583984375 0.748046875 0.3740234375 0.7607421875 0.38671875
0 0.85546875 0.4287109375 0.869140625 0.4208984375 0.876953125 0.3818359375 0.8603515625 0.365234375 0.8408203125 0.361328125 0.81640625 0.3759765625 0.810546875 0.4013671875 0.8271484375 0.42578125
0 0.9140625 0.4423828125 0.9248046875 0.439453125 0.9375 0.4208984375 0.9375 0.3935546875 0.9296875 0.3798828125 0.9169921875 0.373046875 0.8818359375 0.375 0.869140625 0.4248046875 0.8818359375 0.439453125
0 0.935546875 0.3759765625 0.96484375 0.3544921875 0.970703125 0.3310546875 0.9599609375 0.310546875 0.9267578125 0.30078125 0.8984375 0.3212890625 0.896484375 0.3486328125 0.9169921875 0.373046875
0 0.87109375 0.3623046875 0.89453125 0.3408203125 0.89453125 0.3193359375 0.884765625 0.2998046875 0.8720703125 0.291015625 0.8232421875 0.296875 0.810546875 0.3173828125 0.8203125 0.3466796875 0.8427734375 0.361328125
0 0.79296875 0.3173828125 0.8115234375 0.306640625 0.818359375 0.2939453125 0.81640625 0.2666015625 0.7919921875 0.25 0.7705078125 0.25 0.7509765625 0.259765625 0.7421875 0.2705078125 0.74609375 0.3017578125 0.7685546875 0.318359375
0 0.7109375 0.2880859375 0.7392578125 0.275390625 0.74609375 0.2587890625 0.7421875 0.2353515625 0.73046875 0.2197265625 0.7158203125 0.208984375 0.7021484375 0.208984375 0.669921875 0.2353515625 0.66796875 0.2607421875 0.6865234375 0.283203125
0 0.732421875 0.2119140625 0.76171875 0.1865234375 0.76171875 0.1572265625 0.7431640625 0.140625 0.7216796875 0.1328125 0.69140625 0.1513671875 0.689453125 0.1923828125 0.7021484375 0.20703125
0 0.650390625 0.2080078125 0.6875 0.1845703125 0.689453125 0.1572265625 0.6630859375 0.125 0.6376953125 0.12109375 0.611328125 0.1357421875 0.599609375 0.1728515625 0.6103515625 0.1953125 0.6376953125 0.208984375
0 0.625 0.1240234375 0.658203125 0.1064453125 0.66015625 0.0810546875 0.6396484375 0.05859375 0.6181640625 0.056640625 0.591796875 0.0771484375 0.587890625 0.0908203125 0.5966796875 0.11328125 0.6142578125 0.125
0 0.70703125 0.1357421875 0.7216796875 0.130859375 0.734375 0.1142578125 0.734375 0.0869140625 0.7099609375 0.064453125 0.6865234375 0.064453125 0.662109375 0.0849609375 0.66015625 0.1083984375 0.66796875 0.1240234375 0.6806640625 0.1328125
0 0.78515625 0.1240234375 0.80859375 0.1005859375 0.810546875 0.0849609375 0.8046875 0.0712890625 0.7822265625 0.056640625 0.7529296875 0.060546875 0.736328125 0.0830078125 0.740234375 0.1142578125 0.7607421875 0.125
0 0.751953125 0.0595703125 0.775390625 0.0400390625 0.775390625 0.0107421875 0.7666015625 0 0.7158203125 0 0.705078125 0.0185546875 0.708984375 0.0458984375 0.7294921875 0.060546875
0 0.67578125 0.0654296875 0.69921875 0.0439453125 0.69921875 0.0126953125 0.6865234375 0 0.6416015625 0 0.626953125 0.0185546875 0.630859375 0.0478515625 0.6513671875 0.064453125
0 0.591796875 0.0751953125 0.619140625 0.0556640625 0.619140625 0.0244140625 0.611328125 0.0107421875 0.6005859375 0.005859375 0.5615234375 0.005859375 0.54296875 0.0263671875 0.54296875 0.0517578125 0.5556640625 0.0703125
0 0.52734375 0.0283203125 0.5458984375 0.021484375 0.556640625 0.0009765625 0.482421875 0.0009765625 0.4931640625 0.01953125
0 0.61328125 0.0087890625 0.6201171875 0 0.5703125 0.0009765625
0 0.826171875 0.0595703125 0.857421875 0.0380859375 0.853515625 0.0087890625 0.8447265625 0 0.7919921875 0 0.783203125 0.0126953125 0.78515625 0.0400390625 0.8056640625 0.05859375
0 0.8671875 0.1162109375 0.8759765625 0.115234375 0.888671875 0.0966796875 0.888671875 0.0693359375 0.8681640625 0.052734375 0.8408203125 0.052734375 0.822265625 0.0732421875 0.822265625 0.0947265625 0.8427734375 0.115234375
0 0.927734375 0.1669921875 0.955078125 0.1474609375 0.955078125 0.1162109375 0.9326171875 0.091796875 0.8974609375 0.09375 0.876953125 0.1162109375 0.880859375 0.1474609375 0.8994140625 0.166015625
0 0.884765625 0.2216796875 0.904296875 0.2138671875 0.91015625 0.1787109375 0.8935546875 0.162109375 0.8779296875 0.158203125 0.85546875 0.1728515625 0.849609375 0.1982421875 0.8662109375 0.220703125
0 0.912109375 0.3056640625 0.9375 0.2861328125 0.939453125 0.2626953125 0.9248046875 0.244140625 0.8974609375 0.234375 0.87109375 0.2548828125 0.869140625 0.2802734375 0.8896484375 0.302734375
0 0.95703125 0.2451171875 0.98046875 0.2275390625 0.986328125 0.1962890625 0.9658203125 0.16796875 0.9404296875 0.1640625 0.912109375 0.1826171875 0.904296875 0.2216796875 0.908203125 0.2314453125 0.9267578125 0.244140625
0 0.9765625 0.3134765625 1 0.3076171875 1 0.2431640625 0.9892578125 0.23828125 0.9677734375 0.240234375 0.94140625 0.2646484375 0.943359375 0.2919921875 0.9619140625 0.310546875
0 1 0.1826171875 1 0.1083984375 0.9873046875 0.10546875 0.96484375 0.1181640625 0.95703125 0.1494140625 0.9794921875 0.1796875
0 0.974609375 0.1083984375 0.9892578125 0.103515625 1 0.0888671875 0.998046875 0.0634765625 0.9794921875 0.044921875 0.9541015625 0.041015625 0.931640625 0.0693359375 0.931640625 0.0830078125 0.9501953125 0.103515625
0 0.9140625 0.0732421875 0.93359375 0.0673828125 0.951171875 0.0419921875 0.951171875 0.0263671875 0.9404296875 0.0078125 0.9052734375 0 0.87890625 0.0126953125 0.87109375 0.0419921875 0.8857421875 0.06640625
0 1 0.0537109375 1 0.0009765625 0.9677734375 0 0.962890625 0.0126953125 0.966796875 0.0341796875 0.9931640625 0.0546875
0 1 0.2412109375 0.9990234375 0.185546875 0.98828125 0.1982421875 0.98828125 0.2197265625 0.994140625 0.2392578125